51 0
51 0
51 1
51 0
51 1
51 0
51 0
51 0
51 0
51 0
51 0
51 1
51 1
51 0
51 0
51 1
51 1
51 0
51 1
51 1
51 0
51 0
51 0
51 0
51 0
51 0
51 0
51 0
51 1
51 1
51 0
51 1
51 0
51 0
51 1
71 0
71 0
71 1
71 1
71 1
71 0
71 0
71 1
71 0
71 1
71 0
71 1
71 0
71 1
71 0
71 0
71 1
71 0
71 0
71 0
71 0
71 1
71 1
71 1
71 1
71 1
71 0
71 1
71 1
71 1
71 1
71 0
71 0
71 1
71 1
71 1
71 1
71 0
198 0
198 0
198 1
198 0
198 1
198 0
198 1
198 1
198 1
198 0
198 1
198 1
198 0
198 1
198 0
198 0
198 0
198 0
198 0
198 1
198 1
198 0
198 0
198 0
198 1
198 1
198 0
198 1
199 0
199 0
199 1
199 1
199 1
199 0
199 0
199 0
199 1
199 0
199 0
199 0
199 0
199 1
199 1
199 0
199 0
199 0
199 1
199 1
199 1
199 1
199 1
199 1
199 1
199 0
199 1
199 1
199 0
199 1
199 1
199 0
199 1
199 0
199 0
199 1
199 1
199 1
199 0
199 1
285 0
285 0
285 0
285 0
285 0
285 0
285 0
285 0
285 1
285 0
285 0
285 0
285 1
285 1
285 1
285 0
285 0
285 0
285 0
285 1
285 0
285 1
285 0
285 0
285 0
285 0
285 0
285 0
285 0
285 0
285 0
285 1
285 1
285 0
285 0
285 0
285 0
285 0
286 0
286 0
286 1
286 0
286 0
286 1
286 1
286 0
286 1
286 0
286 0
286 1
286 0
286 1
286 0
286 0
286 1
286 0
286 1
286 0
286 1
286 0
286 0
286 0
286 1
286 0
286 0
286 0
286 0
286 1
286 1
287 0
287 0
287 1
287 1
287 0
287 1
287 1
287 0
287 0
287 1
287 1
287 0
287 1
287 0
287 0
287 0
287 0
287 0
287 1
287 0
287 0
287 1
287 0
287 0
287 0
287 0
287 0
287 0
287 1
287 0
287 0
287 1
287 0
287 0
287 1
287 0
287 1
287 0
287 1
287 0
287 0
287 0
287 0
287 0
287 0
287 1
287 0
287 1
288 0
288 0
288 1
288 1
288 0
288 0
288 0
288 0
288 1
288 1
288 1
288 1
288 0
288 0
288 1
288 1
288 1
288 0
288 1
288 0
288 1
288 0
288 0
288 0
288 1
288 0
288 1
288 1
288 1
288 0
288 0
288 0
288 0
288 0
288 1
288 0
288 1
288 0
288 0
288 1
288 0
288 0
288 0
288 0
288 0
288 1
288 0
289 0
289 0
289 1
289 1
289 1
289 0
289 0
289 1
289 0
289 0
289 0
289 0
289 1
289 0
289 0
289 0
289 1
289 0
289 1
289 0
289 0
289 0
289 1
289 1
289 1
289 1
289 0
289 1
289 1
289 1
289 1
289 0
289 1
289 1
289 0
289 0
289 1
290 0
290 0
290 1
290 0
290 1
290 0
290 1
290 1
290 1
290 0
290 0
290 1
290 1
290 1
290 0
290 1
290 1
290 1
290 1
290 0
290 0
290 1
290 1
290 0
290 1
290 0
290 0
290 0
290 1
290 0
290 0
290 1
290 1
290 0
290 0
291 0
291 1
291 0
291 1
291 1
291 1
291 1
291 1
291 0
291 0
291 1
291 0
291 0
291 0
291 0
291 1
291 0
291 1
291 0
291 1
291 1
291 0
291 1
291 0
291 0
291 0
291 1
291 1
291 1
291 1
291 0
291 0
291 1
291 0
291 0
291 1
291 0
291 1
291 0
291 1
291 1
291 0
291 1
292 0
292 0
292 0
292 0
292 0
292 1
292 1
292 1
292 1
292 0
292 1
292 1
292 1
292 1
292 1
292 1
292 0
292 1
292 1
292 0
292 1
292 1
292 0
292 0
292 0
292 0
292 0
292 0
292 0
292 1
292 1
292 0
293 0
293 0
293 1
293 1
293 0
293 0
293 0
293 0
293 1
293 1
293 0
293 0
293 0
293 0
293 1
293 0
293 0
293 0
293 0
293 0
293 0
293 1
293 1
293 0
293 1
293 1
293 1
293 0
293 0
294 0
294 0
294 0
294 0
294 0
294 0
294 0
294 1
294 0
294 1
294 0
294 0
294 0
294 1
294 0
294 0
294 1
294 1
294 0
294 1
294 1
294 0
294 0
294 0
294 0
294 1
294 0
294 1
294 0
294 1
294 1
294 0
294 0
294 0
294 0
294 1
294 0
294 0
294 0
295 0
295 1
295 1
295 1
295 1
295 1
295 0
295 1
295 0
295 0
295 0
295 0
295 0
295 0
295 0
295 0
295 0
295 0
295 0
295 1
295 1
295 1
295 1
295 1
295 0
295 1
295 1
295 1
295 0
295 0
295 0
295 0
295 0
295 0
295 0
295 1
295 0
295 1
295 1
295 1
295 1
296 0
296 1
296 0
296 0
296 0
296 1
296 0
296 0
296 0
296 1
296 1
296 1
296 0
296 1
296 1
296 1
296 1
296 0
296 1
296 0
296 0
296 0
296 0
296 0
296 1
296 0
296 0
296 1
296 1
296 0
296 1
296 0
297 0
297 0
297 0
297 1
297 1
297 1
297 1
297 0
297 1
297 0
297 1
297 0
297 1
297 1
297 0
297 1
297 0
297 0
297 1
297 0
297 1
297 1
297 0
297 1
297 1
297 1
297 0
297 0
297 0
297 0
297 1
297 1
297 0
297 1
297 0
297 0
297 0
297 1
297 1
297 0
297 1
297 1
297 0
297 0
297 1
297 1
297 0
297 0
298 0
298 0
298 0
298 0
298 1
298 0
298 0
298 0
298 1
298 1
298 0
298 0
298 1
298 1
298 1
298 1
298 0
298 1
298 0
298 0
298 1
298 1
298 0
298 1
298 1
298 0
298 1
298 1
298 0
298 0
298 0
298 0
298 1
379 0
379 0
379 0
379 0
379 1
379 0
379 1
379 1
379 0
379 0
379 1
379 1
379 1
379 1
379 1
379 1
379 1
379 1
379 0
379 1
379 0
379 0
379 1
379 0
379 1
379 0
379 1
379 0
379 1
379 0
379 0
379 0
380 0
380 1
380 1
380 0
380 1
380 0
380 1
380 0
380 0
380 0
380 0
380 0
380 1
380 0
380 1
380 0
380 1
380 0
380 1
380 1
380 1
380 0
380 0
380 1
380 1
380 0
380 0
380 1
380 0
380 1
381 0
381 0
381 0
381 0
381 1
381 0
381 0
381 1
381 1
381 1
381 1
381 0
381 0
381 0
381 0
381 0
381 1
381 0
381 1
381 0
381 0
381 0
381 0
381 0
381 0
381 1
381 1
381 0
381 1
381 1
381 0
381 1
381 1
381 0
381 1
381 0
381 0
381 0
381 1
381 1
381 1
381 0
382 0
382 0
382 1
382 1
382 0
382 1
382 0
382 1
382 0
382 1
382 1
382 0
382 0
382 1
382 1
382 0
382 0
382 0
382 1
382 1
382 0
382 1
382 1
382 1
382 1
382 0
382 1
382 1
382 0
382 1
382 1
382 1
382 1
382 0
382 1
382 1
382 1
382 1
382 0
383 0
383 1
383 0
383 0
383 1
383 1
383 1
383 0
383 1
383 0
383 0
383 1
383 1
383 0
383 1
383 1
383 1
383 1
383 0
383 0
383 0
383 1
383 0
383 1
383 0
383 1
383 1
383 0
383 0
383 1
383 1
383 1
383 1
383 0
383 1
383 1
383 1
384 0
384 1
384 1
384 0
384 0
384 0
384 0
384 1
384 0
384 1
384 0
384 1
384 0
384 0
384 1
384 0
384 1
384 1
384 1
384 1
384 0
384 1
384 1
384 1
384 1
384 0
384 0
384 0
384 1
384 1
384 0
384 0
384 0
384 0
384 1
384 0
384 1
384 1
384 0
384 0
384 1
385 0
385 0
385 1
385 1
385 0
385 0
385 1
385 0
385 0
385 0
385 0
385 1
385 0
385 1
385 0
385 0
385 1
385 0
385 0
385 1
385 0
385 1
385 0
385 1
385 0
385 1
385 1
385 0
385 0
385 0
385 1
385 0
385 0
385 0
385 1
385 0
385 0
385 0
385 0
386 0
386 0
386 1
386 0
386 1
386 0
386 1
386 0
386 0
386 0
386 1
386 1
386 0
386 1
386 0
386 0
386 0
386 0
386 1
386 0
386 1
386 0
386 1
386 0
386 0
386 0
386 0
386 0
386 1
386 0
386 0
386 0
386 1
386 0
386 1
387 0
387 0
387 1
387 0
387 0
387 1
387 1
387 1
387 1
387 1
387 1
387 1
387 1
387 1
387 0
387 1
387 1
387 0
387 0
387 0
387 0
387 0
387 0
387 0
387 0
387 0
387 1
387 0
387 0
387 0
387 0
387 0
387 0
387 1
387 0
387 1
387 0
388 0
388 0
388 0
388 1
388 1
388 1
388 0
388 0
388 1
388 0
388 1
388 0
388 0
388 0
388 1
388 1
388 1
388 1
388 1
388 0
388 0
388 0
388 1
388 0
388 0
388 1
388 1
388 0
388 1
388 1
388 1
388 0
388 1
388 0
388 1
388 1
388 0
388 1
388 0
388 1
389 0
389 0
389 1
389 1
389 1
389 0
389 0
389 1
389 0
389 0
389 0
389 1
389 0
389 0
389 1
389 1
389 0
389 0
389 0
389 1
389 1
389 0
389 0
389 1
389 0
389 0
389 0
389 0
389 1
389 1
389 0
389 0
389 0
389 0
389 0
389 0
389 0
389 1
389 0
389 1
389 0
389 1
389 0
389 1
389 0
389 0
389 0
389 0
389 0
389 0
389 0
389 0
389 1
389 0
389 0
389 1
389 0
389 1
389 0
389 0
390 0
390 0
390 0
390 1
390 0
390 1
390 1
390 1
390 1
390 0
390 1
390 0
390 0
390 0
390 0
390 0
390 0
390 0
390 0
390 1
390 0
390 1
390 0
390 1
390 0
390 0
390 0
390 0
390 0
390 0
390 1
390 1
390 1
390 1
390 1
390 0
390 0
390 1
390 0
390 1
390 0
390 1
390 0
390 1
390 1
390 1
390 1
391 0
391 0
391 1
391 1
391 0
391 0
391 0
391 1
391 0
391 0
391 0
391 0
391 1
391 0
391 1
391 0
391 1
391 0
391 0
391 0
391 1
391 0
391 1
391 0
392 0
392 1
392 0
392 1
392 1
392 1
392 0
392 0
392 1
392 1
392 0
392 0
392 1
392 0
392 1
392 0
392 1
392 1
392 0
392 1
392 1
392 0
392 1
392 1
392 1
392 1
392 0
392 0
392 0
392 1
392 1
392 0
392 0
392 1
392 0
392 1
392 0
392 0
392 0
392 0
392 1
393 0
393 1
393 0
393 1
393 0
393 0
393 0
393 0
393 1
393 1
393 0
393 0
393 0
393 0
393 1
393 1
393 0
393 0
393 1
393 1
393 1
393 1
393 1
393 0
393 1
393 1
393 1
394 0
394 0
394 0
394 0
394 1
394 0
394 1
394 0
394 1
394 1
394 1
394 1
394 0
394 1
394 1
394 1
394 0
394 1
394 0
394 1
394 1
394 1
395 0
395 0
395 1
395 0
395 0
395 0
395 0
395 1
395 1
395 0
395 0
395 0
395 1
395 0
395 0
395 1
395 0
395 0
395 0
395 1
395 1
395 1
395 0
395 1
395 0
395 0
395 0
395 1
395 1
395 0
395 1
395 0
395 0
395 1
395 0
395 0
395 1
395 0
395 0
395 1
395 0
395 1
395 1
395 0
395 1
395 1
395 1
395 0
395 0
395 0
395 0
395 1
396 0
396 1
396 0
396 0
396 0
396 1
396 0
396 0
396 0
396 1
396 1
396 1
396 1
396 0
396 1
396 1
396 1
396 1
396 1
396 1
396 1
396 0
396 1
396 0
396 1
396 0
396 0
396 1
396 0
396 1
396 1
396 1
396 1
396 1
396 1
396 1
396 0
396 1
396 1
397 0
397 1
397 0
397 0
397 1
397 0
397 1
397 0
397 0
397 0
397 0
397 1
397 0
397 0
397 1
397 0
397 0
397 0
397 0
397 0
397 0
397 0
397 1
397 1
397 0
397 0
397 1
397 0
397 0
397 1
397 1
397 0
397 1
397 0
397 0
397 0
397 1
397 1
397 0
397 1
398 0
398 0
398 1
398 0
398 1
398 1
398 1
398 0
398 0
398 0
398 0
398 0
398 1
398 1
398 1
398 0
398 1
398 1
398 1
398 0
398 0
398 1
398 0
398 0
398 1
398 0
398 1
398 0
398 1
398 0
398 1
398 0
398 1
398 1
398 1
398 0
398 1
398 0
474 0
474 1
474 0
474 1
474 0
474 1
474 1
474 0
474 0
474 0
474 0
474 1
474 1
474 0
474 0
474 1
474 0
474 1
474 0
474 0
474 0
474 0
474 0
474 1
474 0
474 0
474 1
474 0
474 1
474 1
474 0
475 0
475 1
475 0
475 1
475 1
475 0
475 1
475 0
475 1
475 1
475 1
475 0
475 0
475 0
475 1
475 0
475 0
475 1
475 1
475 0
475 1
475 0
475 0
475 1
475 1
475 1
475 0
475 1
475 0
475 0
475 0
475 0
475 0
475 1
475 0
475 0
475 0
475 1
475 1
475 1
475 0
475 0
475 1
475 1
475 1
475 1
476 0
476 0
476 1
476 1
476 1
476 0
476 0
476 0
476 0
476 1
476 0
476 0
476 1
476 1
476 1
476 0
476 1
476 0
476 0
476 1
476 0
476 0
476 1
476 0
476 1
476 1
476 0
476 0
476 0
476 0
476 0
476 1
477 0
477 0
477 1
477 0
477 1
477 1
477 1
477 0
477 1
477 1
477 0
477 0
477 0
477 1
477 0
477 0
477 1
477 0
477 1
477 0
477 0
477 0
477 0
477 1
477 1
477 0
477 1
477 0
477 1
477 0
477 0
477 0
477 1
477 1
478 0
478 0
478 1
478 0
478 1
478 1
478 0
478 1
478 1
478 1
478 0
478 1
478 1
478 0
478 1
478 0
478 1
478 1
478 1
478 1
478 1
478 1
478 0
478 1
478 0
478 1
478 1
478 1
478 0
478 1
479 0
479 0
479 1
479 0
479 0
479 0
479 0
479 0
479 1
479 1
479 0
479 0
479 1
479 0
479 1
479 0
479 1
479 0
479 1
479 0
479 1
479 0
479 0
479 0
479 0
479 0
479 1
479 1
479 0
479 0
479 0
479 1
479 1
479 1
479 1
479 1
479 0
479 0
479 1
479 0
479 0
479 0
479 1
479 1
479 1
479 1
480 0
480 0
480 0
480 0
480 1
480 1
480 1
480 0
480 0
480 0
480 0
480 0
480 1
480 0
480 0
480 0
480 0
480 1
480 0
480 0
480 0
480 1
480 0
480 1
480 0
480 1
480 0
480 1
480 1
480 1
480 1
480 1
480 0
480 1
480 1
480 0
480 0
480 0
480 0
480 1
480 1
480 1
481 0
481 0
481 1
481 1
481 1
481 0
481 0
481 0
481 0
481 1
481 1
481 1
481 1
481 0
481 0
481 0
481 0
481 1
481 0
481 1
481 0
481 1
481 0
481 1
481 0
481 1
481 1
481 1
481 0
481 0
481 0
481 0
481 1
481 0
481 0
481 0
482 0
482 1
482 0
482 0
482 0
482 1
482 0
482 0
482 1
482 1
482 0
482 0
482 1
482 1
482 1
482 0
482 1
482 1
482 0
482 0
482 1
482 1
482 0
482 1
482 1
482 0
482 0
482 0
483 0
483 0
483 0
483 0
483 0
483 0
483 0
483 1
483 1
483 0
483 0
483 1
483 1
483 0
483 1
483 1
483 0
483 0
483 1
483 1
483 0
483 1
483 1
483 1
483 1
484 0
484 0
484 1
484 1
484 1
484 0
484 0
484 0
484 0
484 1
484 1
484 0
484 0
484 0
484 1
484 0
484 1
484 0
484 0
484 1
484 1
484 1
484 0
484 0
484 1
484 1
484 1
484 0
484 1
484 1
484 0
484 1
484 1
484 1
485 0
485 1
485 0
485 1
485 1
485 1
485 0
485 0
485 1
485 0
485 0
485 0
485 1
485 0
485 1
485 1
485 0
485 1
485 0
485 1
485 1
485 1
486 0
486 1
486 1
486 1
486 1
486 0
486 1
486 1
486 0
486 0
486 0
486 0
486 1
486 0
486 1
486 0
486 0
486 0
486 1
486 1
486 0
486 1
486 0
486 0
486 1
486 0
486 1
486 0
486 1
486 1
486 1
486 0
486 0
486 0
486 0
486 1
486 0
486 1
486 0
487 0
487 1
487 0
487 1
487 0
487 1
487 0
487 0
487 1
487 0
487 0
487 0
487 1
487 0
487 0
487 1
487 1
487 1
487 0
487 1
487 0
487 1
487 1
487 0
487 0
487 1
487 0
487 1
487 1
487 1
487 1
487 1
487 1
488 0
488 0
488 1
488 0
488 1
488 1
488 0
488 0
488 0
488 1
488 1
488 1
488 1
488 1
488 0
488 1
488 0
488 0
488 0
488 0
488 0
488 1
488 1
488 0
488 0
488 1
488 1
488 1
488 0
488 1
488 0
488 1
488 0
488 1
488 1
488 0
488 0
488 0
488 0
488 0
488 1
488 0
488 0
489 0
489 1
489 1
489 0
489 0
489 0
489 1
489 0
489 1
489 0
489 1
489 1
489 0
489 0
489 0
489 1
489 0
489 0
489 0
489 0
489 0
489 1
489 0
489 0
489 0
489 0
489 0
489 0
489 1
489 0
489 0
489 1
490 0
490 1
490 0
490 1
490 1
490 0
490 1
490 0
490 0
490 1
490 1
490 1
490 1
490 1
490 0
490 1
490 0
490 0
490 1
490 0
490 0
490 1
490 1
490 1
490 0
490 0
490 0
490 1
490 1
490 1
490 0
490 1
490 1
490 0
490 0
490 0
490 1
490 1
491 0
491 1
491 1
491 0
491 1
491 0
491 1
491 1
491 0
491 0
491 1
491 1
491 0
491 1
491 0
491 0
491 0
491 0
491 1
491 1
491 1
491 1
491 1
491 1
491 1
491 1
491 1
491 0
491 0
492 0
492 0
492 0
492 0
492 1
492 1
492 0
492 0
492 1
492 0
492 0
492 1
492 1
492 0
492 1
492 1
492 0
492 0
492 1
492 1
492 0
492 0
492 0
492 1
492 1
492 1
492 0
492 0
492 1
492 0
492 1
492 0
492 0
492 1
492 0
492 0
492 0
492 0
492 0
492 1
492 1
493 0
493 0
493 0
493 1
493 0
493 1
493 1
493 0
493 1
493 0
493 1
493 0
493 1
493 0
493 0
493 0
493 0
493 1
493 0
493 0
493 1
493 0
493 0
493 1
493 0
493 0
493 0
493 0
493 0
493 1
493 0
493 0
493 0
493 0
493 1
493 1
493 0
493 1
494 0
494 0
494 1
494 1
494 0
494 1
494 0
494 1
494 0
494 0
494 1
494 1
494 1
494 1
494 1
494 1
494 1
494 1
494 0
494 0
494 0
494 0
494 1
494 1
494 1
494 0
494 0
494 0
494 1
495 0
495 1
495 1
495 1
495 1
495 1
495 0
495 1
495 1
495 1
495 1
495 1
495 1
495 0
495 1
495 1
495 1
495 0
495 1
495 1
495 1
495 1
495 0
495 1
495 1
495 1
495 1
495 1
495 0
495 1
495 1
496 0
496 0
496 0
496 1
496 0
496 1
496 0
496 0
496 1
496 1
496 1
496 0
496 0
496 1
496 0
496 1
496 1
496 0
496 0
496 1
496 0
496 0
496 1
496 1
496 1
496 1
496 1
496 0
496 1
496 1
496 1
496 0
496 0
497 0
497 0
497 1
497 0
497 0
497 0
497 0
497 0
497 1
497 1
497 0
497 0
497 0
497 1
497 0
497 1
497 1
497 1
497 0
497 1
497 0
497 0
497 0
497 0
497 1
497 0
497 1
498 0
498 1
498 1
498 0
498 1
498 1
498 1
498 1
498 1
498 0
498 1
498 0
498 0
498 1
498 0
498 1
498 0
498 1
498 1
498 1
498 1
498 1
498 0
498 1
498 1
498 0
575 0
575 0
575 1
575 1
575 0
575 0
575 1
575 0
575 1
575 0
575 1
575 0
575 1
575 0
575 0
575 0
575 0
575 1
575 1
575 1
575 0
575 0
576 0
576 0
576 1
576 1
576 1
576 1
576 1
576 0
576 1
576 1
576 1
576 0
576 0
576 0
576 0
576 1
576 1
576 1
576 1
576 1
576 0
576 0
576 0
576 1
576 1
576 0
576 0
576 0
576 1
576 1
576 1
576 0
576 0
576 1
576 0
576 1
576 0
576 0
576 0
576 0
576 0
576 0
576 0
576 0
576 0
576 0
576 1
576 1
576 0
576 1
576 1
576 1
576 0
576 1
576 1
576 1
576 1
576 1
576 1
577 0
577 1
577 0
577 0
577 1
577 0
577 0
577 1
577 0
577 0
577 1
577 1
577 0
577 1
577 1
577 1
577 0
577 0
577 1
577 0
577 0
577 0
577 0
577 1
577 0
577 1
577 1
577 1
577 0
577 0
577 0
577 0
577 0
577 1
577 1
577 1
577 1
577 1
577 1
577 0
577 0
577 1
577 1
577 0
577 1
577 1
577 0
577 0
578 0
578 0
578 1
578 1
578 1
578 1
578 1
578 0
578 1
578 0
578 1
578 0
578 1
578 0
578 0
578 1
578 0
578 0
578 0
578 1
578 0
578 0
578 0
578 0
578 1
578 1
578 0
578 0
578 1
578 1
578 0
578 1
578 0
578 1
578 1
578 1
578 0
578 0
579 0
579 1
579 1
579 1
579 1
579 1
579 1
579 1
579 0
579 1
579 0
579 1
579 0
579 1
579 0
579 1
579 1
579 1
579 1
579 1
579 1
579 1
579 1
579 1
579 1
579 1
580 0
580 0
580 1
580 1
580 1
580 1
580 0
580 1
580 1
580 0
580 0
580 1
580 1
580 1
580 1
580 1
580 1
580 0
580 1
580 0
580 1
580 1
580 0
580 0
580 0
580 0
580 1
580 1
580 1
580 1
580 1
580 0
580 0
580 1
580 0
580 1
580 1
580 1
580 1
581 0
581 0
581 1
581 1
581 1
581 1
581 1
581 1
581 1
581 0
581 0
581 1
581 1
581 0
581 0
581 0
581 0
581 1
581 0
581 0
581 1
581 1
581 0
581 0
581 0
581 1
581 1
581 1
581 0
581 0
581 1
581 0
581 1
581 0
581 0
581 0
581 1
582 0
582 0
582 0
582 0
582 1
582 0
582 1
582 1
582 0
582 0
582 0
582 0
582 1
582 0
582 0
582 0
582 0
582 1
582 1
582 0
582 0
582 0
582 0
582 1
582 1
582 0
582 1
582 1
582 1
582 0
582 0
582 0
582 0
582 1
582 1
582 1
582 1
582 0
582 0
582 1
583 0
583 0
583 0
583 0
583 1
583 1
583 0
583 1
583 0
583 1
583 1
583 1
583 0
583 1
583 1
583 0
583 1
583 1
583 0
583 1
583 0
583 0
583 0
583 0
583 0
583 0
583 1
583 0
583 1
583 0
583 0
583 0
583 1
583 1
583 0
583 0
583 1
583 1
583 0
583 1
583 1
584 0
584 0
584 0
584 1
584 0
584 1
584 1
584 0
584 1
584 1
584 0
584 1
584 0
584 0
584 1
584 1
584 0
584 1
584 1
584 0
584 1
584 0
584 0
584 0
584 0
584 1
584 1
584 1
584 1
584 0
584 0
584 1
584 1
584 1
584 1
585 0
585 1
585 0
585 1
585 1
585 1
585 1
585 0
585 0
585 1
585 0
585 0
585 1
585 0
585 0
585 0
585 1
585 1
585 1
585 1
585 0
585 1
585 1
585 1
585 0
585 0
585 1
585 1
585 0
585 1
585 0
585 0
585 1
585 0
585 1
585 0
585 0
586 0
586 0
586 0
586 1
586 1
586 1
586 1
586 1
586 0
586 1
586 1
586 0
586 0
586 0
586 0
586 0
586 0
586 1
586 1
586 0
586 1
586 0
586 0
586 0
586 0
586 1
586 0
586 0
586 1
586 0
586 1
586 0
586 0
586 1
586 0
586 1
586 1
586 1
586 0
586 0
586 0
586 1
586 0
586 1
586 0
586 0
586 0
586 0
586 1
586 1
587 0
587 0
587 1
587 1
587 1
587 1
587 0
587 0
587 1
587 0
587 0
587 0
587 1
587 0
587 1
587 1
587 1
587 0
587 0
587 1
587 0
587 1
587 0
587 0
587 0
587 1
587 1
587 1
587 1
587 0
587 1
587 1
587 1
587 1
588 0
588 0
588 1
588 1
588 0
588 1
588 1
588 1
588 1
588 1
588 1
588 1
588 1
588 0
588 1
588 1
588 1
588 1
588 1
588 1
588 1
588 0
588 1
588 1
589 0
589 0
589 1
589 1
589 1
589 0
589 0
589 1
589 0
589 1
589 0
589 1
589 0
589 0
589 0
589 1
589 0
589 1
589 1
589 1
589 1
589 1
589 0
590 0
590 0
590 0
590 1
590 0
590 1
590 0
590 1
590 0
590 0
590 1
590 1
590 1
590 0
590 1
590 1
590 1
590 1
590 0
590 1
590 1
590 0
590 1
590 0
590 0
590 1
590 1
590 1
590 0
590 0
590 0
590 1
590 1
590 1
590 1
590 1
590 0
590 0
590 0
590 1
590 0
590 1
590 1
590 1
590 1
591 0
591 0
591 0
591 0
591 0
591 0
591 0
591 1
591 0
591 0
591 1
591 0
591 0
591 1
591 0
591 0
591 1
591 0
591 0
591 0
591 0
591 0
591 1
591 1
591 0
591 0
591 0
591 0
591 1
591 1
591 1
591 1
591 0
591 0
591 1
591 1
591 1
592 0
592 0
592 1
592 1
592 0
592 1
592 1
592 0
592 0
592 0
592 1
592 1
592 1
592 0
592 1
592 1
592 0
592 1
592 0
592 0
592 0
592 1
592 0
592 0
592 0
592 0
592 0
592 0
592 1
592 0
592 0
592 1
592 1
592 1
592 1
592 1
592 1
592 1
593 0
593 1
593 0
593 1
593 0
593 1
593 1
593 0
593 0
593 0
593 1
593 1
593 1
593 1
593 0
593 0
593 0
593 0
593 0
593 1
593 0
593 1
593 1
593 0
593 1
593 1
593 0
593 0
593 0
593 0
593 0
593 0
593 1
593 1
593 0
593 0
593 0
593 0
593 1
593 0
593 0
593 1
594 0
594 1
594 0
594 1
594 0
594 0
594 0
594 0
594 0
594 0
594 0
594 1
594 1
594 1
594 1
594 1
594 1
594 0
594 1
594 0
594 0
594 1
594 0
594 0
594 1
594 1
594 0
594 0
594 1
595 0
595 0
595 1
595 1
595 1
595 0
595 1
595 0
595 0
595 0
595 0
595 0
595 1
595 0
595 1
595 0
595 0
595 1
595 1
595 1
595 1
595 0
595 1
595 1
595 1
595 1
595 1
595 0
595 0
595 0
595 0
595 0
595 1
595 1
595 0
595 0
595 0
595 1
595 0
595 0
595 1
595 0
595 0
595 1
595 1
595 1
595 0
595 1
595 0
595 1
595 0
595 0
595 0
596 0
596 1
596 0
596 1
596 0
596 1
596 1
596 0
596 0
596 1
596 0
596 0
596 0
596 0
596 0
596 1
596 1
596 1
596 1
596 0
596 1
596 1
596 0
596 1
596 1
596 1
596 1
596 0
596 1
596 0
597 0
597 0
597 1
597 1
597 0
597 0
597 0
597 0
597 0
597 1
597 0
597 0
597 0
597 1
597 1
597 0
597 0
597 0
597 0
597 1
597 0
597 0
597 0
597 0
597 1
597 0
597 1
597 0
597 1
597 1
597 1
597 0
597 0
597 1
597 1
598 0
598 0
598 1
598 1
598 0
598 1
598 0
598 0
598 1
598 0
598 0
598 0
598 0
598 0
598 0
598 0
598 0
598 0
598 1
598 0
598 0
598 0
598 0
598 1
598 0
598 0
598 0
598 0
598 0
598 1
598 0
598 1
598 1
598 1
598 0
598 1
598 1
598 1
598 1
598 1
598 0
677 0
677 0
677 0
677 1
677 1
677 1
677 0
677 0
677 0
677 1
677 1
677 0
677 0
677 0
677 0
677 1
677 1
677 0
677 1
677 1
677 1
677 1
678 0
678 0
678 1
678 1
678 1
678 1
678 1
678 0
678 0
678 1
678 0
678 0
678 1
678 1
678 1
678 1
678 1
678 0
678 1
678 0
678 1
678 0
678 1
678 1
678 1
678 0
678 1
679 0
679 0
679 1
679 1
679 1
679 0
679 0
679 1
679 0
679 0
679 1
679 1
679 1
679 0
679 0
679 1
679 1
679 0
679 1
679 0
679 0
679 1
679 1
680 0
680 0
680 0
680 1
680 0
680 0
680 1
680 1
680 0
680 1
680 1
680 0
680 1
680 0
680 0
680 1
680 1
680 0
680 1
680 1
680 0
680 1
680 0
680 1
680 1
680 0
680 0
680 1
680 0
680 0
681 0
681 0
681 1
681 1
681 0
681 0
681 1
681 1
681 1
681 1
681 1
681 0
681 1
681 1
681 1
681 0
681 0
681 0
681 0
681 0
681 0
681 0
681 0
681 0
681 0
681 0
681 1
681 0
681 0
681 1
681 0
681 0
681 0
681 0
681 1
681 1
681 0
681 1
681 0
681 0
681 0
681 0
681 0
681 0
681 0
681 1
681 0
681 1
681 1
681 0
681 1
681 0
681 0
681 1
681 0
681 1
681 0
681 1
681 0
681 0
681 0
682 0
682 0
682 1
682 1
682 0
682 0
682 0
682 0
682 1
682 1
682 0
682 0
682 1
682 0
682 0
682 1
682 0
682 1
682 1
682 0
682 1
682 1
682 0
682 0
682 1
682 0
682 0
682 0
682 1
682 1
682 0
682 0
682 0
682 1
683 0
683 0
683 1
683 1
683 1
683 1
683 0
683 1
683 1
683 1
683 0
683 1
683 1
683 0
683 1
683 0
683 0
683 1
683 0
683 0
683 0
683 1
683 0
683 0
683 1
683 1
683 1
683 0
683 0
683 1
683 1
683 0
683 0
683 0
683 1
683 1
683 0
683 0
683 0
683 1
683 1
683 1
683 1
684 0
684 0
684 0
684 0
684 0
684 0
684 0
684 0
684 1
684 0
684 0
684 0
684 0
684 0
684 0
684 0
684 0
684 0
684 0
684 1
684 0
684 1
684 1
684 0
684 0
684 1
684 1
684 1
684 1
684 1
684 0
684 1
684 1
684 0
684 1
684 1
684 1
684 1
684 0
684 0
684 0
684 0
684 0
684 0
684 0
684 1
684 1
684 1
684 1
684 1
684 1
684 1
684 1
684 1
686 0
686 0
686 0
686 1
686 0
686 0
686 0
686 1
686 0
686 1
686 1
686 0
686 0
686 1
686 1
686 1
686 0
686 0
686 1
686 1
686 1
686 1
687 0
687 0
687 0
687 1
687 0
687 0
687 0
687 0
687 0
687 0
687 1
687 0
687 0
687 0
687 0
687 1
687 1
687 0
687 0
687 0
687 1
687 1
687 1
687 0
687 0
687 1
687 0
687 1
687 1
687 0
687 0
687 0
687 1
687 1
687 1
687 0
687 0
687 0
687 0
687 0
687 0
687 1
687 0
687 0
687 0
687 0
687 1
687 0
687 1
688 0
688 0
688 0
688 1
688 0
688 1
688 0
688 0
688 1
688 1
688 1
688 0
688 1
688 1
688 1
688 0
688 0
688 0
688 1
688 1
688 1
688 1
688 0
688 0
688 1
688 0
688 0
688 0
688 0
688 0
688 0
688 0
688 0
688 1
688 0
688 0
688 0
688 1
688 0
688 0
688 0
688 0
688 0
688 0
688 0
688 0
688 1
688 0
688 1
688 1
688 1
688 1
689 0
689 1
689 0
689 1
689 0
689 0
689 0
689 1
689 0
689 1
689 1
689 1
689 0
689 1
689 0
689 1
689 1
689 0
689 0
689 0
689 0
689 0
689 0
689 0
689 0
689 0
689 1
689 1
689 1
689 0
689 1
690 0
690 0
690 0
690 1
690 0
690 1
690 1
690 1
690 0
690 1
690 0
690 1
690 1
690 1
690 1
690 0
691 0
691 0
691 1
691 1
691 1
691 1
691 1
691 0
691 0
691 0
691 1
691 1
691 1
691 1
691 0
691 0
691 1
691 1
691 1
691 0
691 1
691 1
691 0
691 1
691 0
691 1
691 1
691 0
691 0
691 1
691 0
691 1
691 1
691 0
691 0
691 1
691 0
691 0
691 0
691 0
691 1
691 1
691 0
691 0
691 1
691 0
691 1
691 1
691 0
691 1
691 1
692 0
692 1
692 1
692 0
692 1
692 1
692 0
692 0
692 1
692 1
692 0
692 1
692 0
692 1
692 0
692 0
692 1
692 0
692 1
692 0
692 0
692 0
692 1
692 0
692 0
692 0
692 0
692 0
692 1
692 0
692 0
692 1
692 1
692 0
692 0
692 1
692 1
692 1
693 0
693 0
693 0
693 1
693 0
693 0
693 1
693 0
693 0
693 0
693 0
693 0
693 0
693 0
693 0
693 0
693 1
693 0
693 0
693 0
693 0
693 0
693 1
693 1
693 0
693 0
693 1
693 1
693 1
693 0
693 0
693 0
693 1
693 1
693 0
693 0
693 0
693 0
693 1
693 1
693 0
693 1
693 1
693 1
693 1
694 0
694 0
694 1
694 1
694 0
694 0
694 0
694 0
694 0
694 1
694 1
694 0
694 0
694 1
694 0
694 1
694 1
694 0
694 1
694 1
694 1
694 1
694 0
694 1
694 1
694 0
694 0
694 1
694 1
694 0
694 1
694 1
694 0
694 0
694 0
694 0
694 1
694 1
694 1
694 0
694 0
694 1
694 1
694 0
695 0
695 0
695 0
695 0
695 1
695 1
695 0
695 1
695 1
695 0
695 0
695 0
695 1
695 1
695 1
695 1
695 1
695 0
695 1
695 1
695 0
695 0
695 1
695 0
695 1
695 0
695 0
695 0
695 0
695 1
695 0
695 0
695 0
695 0
695 1
695 0
695 1
695 0
695 1
695 1
695 1
695 0
695 1
695 1
696 0
696 0
696 0
696 1
696 1
696 1
696 1
696 0
696 1
696 1
696 0
696 1
696 0
696 1
696 1
696 0
696 0
696 0
696 1
696 0
696 0
696 0
696 0
696 0
696 0
696 0
696 1
696 1
696 1
696 0
696 0
696 0
696 1
696 1
696 1
696 0
696 1
696 1
696 1
697 0
697 0
697 1
697 1
697 1
697 1
697 1
697 1
697 0
697 1
697 0
697 1
697 1
697 1
697 1
697 0
697 1
697 1
697 1
698 0
698 0
698 0
698 1
698 0
698 1
698 0
698 0
698 1
698 0
698 1
698 0
698 0
698 0
698 0
698 1
698 1
698 0
698 0
698 0
698 0
698 0
698 0
698 0
698 0
698 1
698 0
698 0
698 1
698 1
698 1
698 1
698 1
698 1
698 0
698 0
698 0
779 0
779 1
779 0
779 1
779 0
779 0
779 1
779 1
779 0
779 0
779 0
779 1
779 0
779 0
779 1
779 1
779 0
779 0
779 0
779 0
779 0
779 1
779 1
779 1
779 1
779 1
779 1
779 1
779 1
779 0
779 1
779 0
779 1
779 0
779 0
779 1
779 0
779 1
779 1
779 1
780 0
780 1
780 0
780 1
780 0
780 1
780 1
780 0
780 1
780 0
780 0
780 0
780 0
780 0
780 1
780 0
780 1
780 1
780 0
780 0
780 0
780 1
780 0
780 0
780 1
780 0
780 1
780 1
780 1
780 1
780 0
780 0
780 0
780 0
780 1
780 0
780 1
780 0
780 1
780 0
780 0
780 1
780 0
780 0
780 1
780 1
780 1
781 0
781 0
781 1
781 0
781 1
781 1
781 1
781 0
781 0
781 1
781 0
781 1
781 0
781 0
781 1
781 1
781 0
781 0
781 0
781 1
781 0
781 1
781 1
781 0
781 0
781 1
781 1
781 0
781 1
781 1
782 0
782 0
782 1
782 1
782 1
782 1
782 0
782 1
782 1
782 1
782 1
782 0
782 0
782 0
782 0
782 0
782 1
782 1
782 1
782 1
782 0
782 0
782 0
782 1
783 0
783 1
783 0
783 1
783 1
783 0
783 0
783 1
783 1
783 1
783 1
783 1
783 1
783 0
783 1
783 1
783 0
783 1
783 1
783 1
783 0
783 0
783 1
783 0
784 0
784 0
784 1
784 0
784 1
784 1
784 1
784 0
784 1
784 1
784 1
784 1
784 0
784 0
784 1
784 1
784 0
784 0
784 0
784 1
784 0
784 0
784 0
784 1
784 0
784 0
784 1
784 1
784 0
784 1
784 0
784 1
784 0
784 1
784 0
784 1
784 0
784 1
784 1
785 0
785 0
785 1
785 0
785 0
785 0
785 0
785 0
785 0
785 0
785 0
785 1
785 0
785 0
785 1
785 1
785 1
785 1
785 0
785 0
785 0
785 0
785 0
785 0
785 1
785 0
785 1
785 0
785 0
785 1
785 1
785 0
785 0
785 0
785 0
785 1
785 0
785 0
785 0
785 0
785 0
785 0
785 1
785 1
786 0
786 0
786 1
786 0
786 0
786 0
786 0
786 1
786 0
786 0
786 0
786 0
786 0
786 0
786 0
786 0
786 1
786 0
786 0
786 0
786 1
786 1
786 1
786 1
786 0
786 1
786 1
786 0
786 1
786 0
786 0
786 0
786 1
786 1
786 0
787 0
787 0
787 1
787 0
787 1
787 1
787 0
787 0
787 1
787 1
787 0
787 1
787 0
787 0
787 0
787 0
787 0
787 1
787 1
787 1
787 1
787 1
787 0
787 1
787 1
787 0
787 1
787 0
787 1
787 0
787 0
787 1
787 0
787 0
787 0
787 0
787 0
787 0
787 0
787 1
787 1
788 0
788 0
788 1
788 1
788 0
788 1
788 0
788 0
788 1
788 1
788 1
788 1
788 0
788 0
788 0
788 1
788 0
788 0
788 1
788 1
788 0
788 1
788 1
788 0
788 1
788 1
788 0
788 0
788 0
788 0
788 1
788 1
788 1
788 1
788 0
788 1
789 0
789 0
789 0
789 0
789 0
789 1
789 0
789 0
789 0
789 0
789 0
789 0
789 0
789 0
789 1
789 1
789 0
789 0
789 0
789 1
789 1
789 0
789 0
789 1
789 0
789 1
789 1
789 1
789 1
789 1
790 0
790 0
790 1
790 1
790 0
790 1
790 1
790 0
790 0
790 0
790 0
790 1
790 0
790 0
790 0
790 0
790 0
790 1
790 1
790 1
790 1
790 1
790 0
790 1
790 1
790 1
790 0
790 0
790 1
790 1
790 0
790 1
790 1
790 0
790 0
790 0
790 0
790 1
791 0
791 1
791 1
791 0
791 0
791 1
791 0
791 1
791 1
791 1
791 0
791 1
791 0
791 0
791 1
791 0
791 1
791 0
791 0
791 0
791 0
791 0
791 0
791 1
791 1
791 0
791 0
791 1
791 1
791 0
791 0
791 1
791 0
791 0
791 0
791 1
792 0
792 0
792 0
792 0
792 1
792 1
792 1
792 0
792 1
792 0
792 1
792 0
792 0
792 1
792 0
792 1
792 1
792 0
792 0
792 0
792 0
792 0
792 1
792 0
792 1
792 0
792 0
792 1
792 1
792 1
792 0
792 0
792 1
792 1
792 0
792 0
792 1
792 1
792 1
792 1
792 1
793 0
793 0
793 0
793 0
793 0
793 0
793 1
793 0
793 1
793 0
793 0
793 0
793 0
793 0
793 1
793 1
793 1
793 0
793 1
793 1
793 0
793 0
793 0
793 0
793 1
793 1
793 1
793 1
793 0
793 0
793 0
793 0
793 1
793 0
793 1
794 0
794 0
794 0
794 0
794 0
794 0
794 1
794 1
794 0
794 0
794 0
794 1
794 0
794 0
794 0
794 1
794 1
794 0
794 0
794 0
794 1
794 0
794 1
794 0
794 1
794 0
794 0
794 0
794 1
794 0
794 0
794 0
794 1
794 1
794 0
794 1
794 1
795 0
795 1
795 0
795 1
795 1
795 0
795 1
795 1
795 0
795 1
795 1
795 0
795 1
795 0
795 0
795 0
795 0
795 1
795 1
795 0
795 1
795 0
795 0
795 1
795 1
795 1
795 1
795 1
795 1
795 0
795 1
795 1
795 0
795 0
795 1
795 0
795 0
795 0
795 1
795 0
795 1
795 1
796 0
796 0
796 0
796 1
796 0
796 0
796 1
796 1
796 1
796 1
796 1
796 1
796 0
796 1
796 1
796 1
796 0
796 1
796 0
796 0
796 0
796 0
796 0
796 0
796 1
796 0
796 1
796 0
796 1
796 1
796 0
796 1
796 0
796 1
796 1
796 1
797 0
797 1
797 0
797 1
797 0
797 0
797 1
797 0
797 1
797 1
797 1
797 0
797 0
797 0
797 0
797 0
797 1
797 0
797 1
797 0
797 0
797 1
797 0
797 0
797 1
797 1
797 1
797 0
797 0
797 1
797 1
797 0
797 0
797 1
797 1
797 1
797 0
797 0
797 0
797 0
797 0
797 1
798 0
798 0
798 0
798 1
798 0
798 0
798 0
798 0
798 1
798 1
798 1
798 1
798 0
798 1
798 1
798 1
798 1
798 0
798 0
798 0
798 1
798 0
798 0
798 1
798 1
798 1
798 0
798 0
798 0
798 0
798 1
798 0
798 1
798 1
798 1
798 0
798 1
798 1
798 1
798 1
893 0
893 0
893 0
893 1
893 1
893 1
893 0
893 1
893 0
893 0
893 1
893 1
893 1
893 1
893 0
893 1
893 0
893 0
893 0
893 0
893 0
893 0
893 0
893 1
893 0
893 1
893 1
893 1
893 1
893 0
893 0
893 0
893 1
893 1
896 0
896 0
896 1
896 1
896 0
896 0
896 0
896 0
896 1
896 0
896 1
896 1
896 1
896 1
896 1
896 1
896 0
896 0
896 1
896 0
896 1
896 0
896 1
896 1
896 0
896 1
896 0
896 1
896 1
896 0
896 1
896 0
896 0
896 0
896 0
896 0
896 0
896 0
896 0
896 1
896 0
896 1
897 0
897 0
897 1
897 1
897 1
897 0
897 0
897 1
897 0
897 1
897 1
897 1
897 1
897 0
897 1
897 1
897 1
897 0
897 0
897 0
897 0
897 1
897 0
897 1
897 1
897 1
897 0
897 0
898 0
898 0
898 1
898 0
898 1
898 1
898 1
898 1
898 1
898 0
898 1
898 0
898 1
898 1
898 1
898 0
898 1
898 0
898 0
898 0
898 1
898 1
898 1
898 0
898 0
898 1
898 0
898 0
898 1
898 1
898 0
898 1
898 1
898 0
898 0
898 1
898 1
898 1
898 0
898 0
898 0
898 1
898 1
898 1
899 0
899 0
899 1
899 1
899 0
899 1
899 1
899 0
899 1
899 0
899 0
899 0
899 0
899 0
899 0
899 0
899 0
899 1
899 1
899 1
899 0
899 0
899 0
899 0
899 1
899 0
899 0
899 1
899 1
899 1
899 1
899 0
899 0
899 0
899 1
899 0
899 0
899 1
899 0
899 1
899 1
899 0
899 0
899 0
899 0
899 0
899 0
994 0
994 0
994 1
994 1
994 0
994 0
994 1
994 0
994 0
994 0
994 1
994 1
994 1
994 0
994 0
994 0
994 0
994 1
994 1
994 1
994 1
994 1
994 1
994 0
994 0
994 0
994 1
994 0
994 0
994 0
994 1
994 1
994 1
994 0
994 0
994 0
994 1
994 0
994 0
994 0
994 1
995 0
995 0
995 1
995 1
995 1
995 1
995 0
995 1
995 0
995 0
995 1
995 1
995 0
995 0
995 0
995 1
995 1
995 1
995 1
995 1
995 1
995 0
995 0
995 1
995 0
996 0
996 0
996 1
996 0
996 0
996 0
996 1
996 0
996 0
996 1
996 0
996 1
996 1
996 0
996 0
996 0
996 1
996 1
996 1
996 1
996 0
996 0
996 1
996 0
996 1
996 1
996 1
996 1
996 0
996 1
996 0
996 1
996 0
996 1
997 0
997 0
997 1
997 1
997 1
997 0
997 1
997 0
997 0
997 0
997 0
997 1
997 0
997 1
997 1
997 0
997 0
997 1
997 1
997 1
997 1
997 1
997 1
997 0
997 1
997 1
997 1
997 0
998 0
998 0
998 0
998 0
998 0
998 1
998 0
998 0
998 0
998 1
998 0
998 1
998 0
998 0
998 0
998 0
998 0
998 0
998 1
998 1
998 0
998 1
998 1
998 1
998 1
998 0
998 0
998 0
998 0
998 1
998 0
998 0
998 0
998 1
998 0
998 1
998 0
998 0
998 0
999 0
999 1
999 0
999 0
999 1
999 0
999 0
999 1
999 0
999 1
999 0
999 1
999 0
999 0
999 0
999 0
999 0
999 0
999 0
999 1
999 1
999 1
999 1
999 1
999 0
999 1
1098 0
1098 0
1098 1
1098 1
1098 1
1098 0
1098 1
1098 0
1098 1
1098 1
1098 1
1098 1
1098 1
1098 0
1098 1
1098 1
1098 1
1098 0
1098 1
1098 0
1098 1
1098 1
1098 1
1098 0
1098 0
1098 1
1098 0
1098 1
1098 0
1098 1
1098 0
1098 0
1098 1
1098 0
1098 1
1098 0
1098 0
1098 1
1099 0
1099 0
1099 1
1099 1
1099 0
1099 1
1099 1
1099 1
1099 1
1099 0
1099 1
1099 0
1099 0
1099 0
1099 0
1099 0
1099 1
1099 0
1099 1
1099 1
1099 1
1099 1
1099 0
1099 1
1099 1
1099 0
1099 0
1099 1
1099 0
1099 1
1099 0
1099 0
1099 1
1099 1
1099 1
1099 1
1099 1
1099 1
1099 1
1099 1
1099 0
1099 1
1099 1
1099 0
1099 0
1099 0
1099 0
1099 0
1099 1