e1	a1	l1	r1	a2	l2	r2	a3	b3	l3	r3	a4	b4	l4	r4	a5	b5	l5	r5
    35.00000	     6.78702	   202.68445	   232.66909	     3.77741	   196.25388	   226.02140	     4.52723	     2.78730	   193.72906	   232.66909	     5.29818	     2.80940	   195.67732	   232.66909	     4.95144	     4.13389	   189.77395	   232.66909	
    37.00000	     4.89557	   225.95507	   245.96447	     3.54285	   208.50911	   239.31678	     2.34657	     2.99341	   212.11401	   245.96447	     3.58417	     3.27257	   216.20721	   245.96447	     3.04119	     3.62031	   212.04497	   245.96447	
    25.00000	     7.16587	   143.36612	   166.19221	     4.19650	   136.76069	   159.54452	     4.87007	     3.07808	   136.50925	   166.19221	     6.06895	     3.17276	   139.13328	   166.19221	     5.38067	     3.59240	   136.65296	   166.19221	
    40.00000	    10.40580	   206.91835	   265.90753	     4.65771	   211.83991	   259.25985	     8.36503	     3.84857	   192.16787	   265.90753	     9.44575	     7.07369	   187.15406	   265.90753	     8.83588	     4.80851	   190.59869	   265.90753	
    38.00000	     5.58617	   227.70035	   252.61216	     3.70660	   208.84499	   245.96447	     3.37857	     3.27058	   209.01507	   252.61216	     3.43050	     4.81896	   200.35225	   252.61216	     3.88788	     5.43818	   196.56522	   252.61216	
    31.00000	     6.74590	   179.90271	   206.07834	     2.06516	   187.56471	   199.43065	     6.21787	     0.46122	   179.41734	   206.07834	     5.27188	     3.18789	   174.16350	   206.07834	     5.14742	     2.73881	   174.82208	   206.07834	
    47.00000	     8.07985	   262.15231	   312.44135	     5.06496	   246.94392	   305.79367	     5.31502	     4.38119	   238.80823	   312.44135	     6.38382	     4.93636	   241.13247	   312.44135	     6.04663	     5.88686	   234.45113	   312.44135	
    46.00000	     5.83207	   273.26592	   305.79367	     5.05654	   245.21512	   299.14598	     2.52640	     4.46964	   247.83067	   305.79367	     3.85065	     5.89488	   250.61789	   305.79367	     3.45378	     5.72228	   248.14067	   305.79367	
    37.00000	     8.86804	   201.38590	   245.96447	     4.85186	   196.15260	   239.31678	     6.32683	     3.71047	   188.37163	   245.96447	     7.54276	     5.21631	   186.52773	   245.96447	     6.86608	     5.24384	   182.54208	   245.96447	
    35.00000	     7.15685	   200.44225	   232.66909	     3.97321	   192.20772	   226.02140	     4.58894	     3.13452	   189.38849	   232.66909	     5.74815	     4.78683	   188.55906	   232.66909	     4.78181	     4.28285	   185.54055	   232.66909	
    43.00000	     9.01070	   232.41241	   285.85060	     4.07223	   237.30277	   279.20291	     7.03446	     2.96799	   221.79073	   285.85060	     7.99701	     5.57516	   215.14154	   285.85060	     7.35544	     4.78466	   214.72172	   285.85060	
    31.00000	     8.33356	   171.48375	   206.07834	     5.18940	   161.12390	   199.43065	     5.59074	     4.34261	   157.53442	   206.07834	     7.08333	     5.84421	   158.97723	   206.07834	     6.33508	     5.04302	   157.86331	   206.07834	
    28.00000	     6.26309	   165.09172	   186.13527	     2.96528	   160.92785	   179.48759	     4.42994	     2.14264	   159.92666	   186.13527	     4.98149	     2.65013	   159.49646	   186.13527	     4.82847	     3.10431	   158.29966	   186.13527	
    39.00000	     7.04441	   223.18786	   259.25985	     4.45167	   209.73015	   252.61216	     4.40899	     3.72247	   206.69590	   259.25985	     5.28231	     5.02022	   203.68029	   259.25985	     4.85749	     5.63612	   198.65922	   259.25985	
    41.00000	     7.36277	   233.24008	   272.55522	     4.02859	   229.09247	   265.90753	     5.16266	     2.92074	   222.68647	   272.55522	     6.19424	     3.23498	   225.94152	   272.55522	     5.55240	     4.14185	   220.83542	   272.55522	
    31.00000	     7.15934	   177.43828	   206.07834	     3.82120	   173.06733	   199.43065	     4.95120	     2.59253	   170.80596	   206.07834	     5.67581	     4.95375	   167.13236	   206.07834	     4.92955	     4.05641	   166.61335	   206.07834	
    47.00000	     5.88787	   279.42274	   312.44135	     3.32428	   272.56620	   305.79367	     3.84337	     2.39866	   269.72474	   312.44135	     4.84717	     3.04743	   272.07469	   312.44135	     3.78760	     4.34442	   259.40398	   312.44135	
    33.00000	    10.65384	   168.49905	   219.37372	     4.59493	   175.72015	   212.72603	     8.50521	     3.28756	   159.83324	   219.37372	     9.43009	     4.08604	   161.00797	   219.37372	     9.01945	     4.45657	   157.55805	   219.37372	
    32.00000	     6.42510	   187.56549	   212.72603	     3.16391	   185.07909	   206.07834	     4.64308	     1.97379	   183.02437	   212.72603	     5.50141	     2.54399	   183.92472	   212.72603	     4.76175	     3.45340	   179.36964	   212.72603	
    30.00000	    10.25620	   156.05957	   199.43065	     4.49684	   158.41716	   192.78296	     7.88138	     3.57142	   146.46316	   199.43065	     9.12608	     5.44696	   145.75468	   199.43065	     8.51321	     5.80729	   139.10147	   199.43065	
    42.00000	     7.07469	   241.34850	   279.20291	     4.18898	   230.87096	   272.55522	     4.38730	     3.30319	   227.49994	   279.20291	     5.27895	     4.64852	   223.91885	   279.20291	     4.94244	     4.73751	   224.01111	   279.20291	
    39.00000	     9.39464	   207.83715	   259.25985	     3.81038	   219.23339	   252.61216	     7.76487	     2.01485	   203.08768	   259.25985	     8.52420	     4.69524	   199.30938	   259.25985	     7.81274	     3.20283	   199.77713	   259.25985	
    36.00000	     9.96758	   188.79297	   239.31678	     4.33343	   194.02280	   232.66909	     7.79746	     3.21626	   178.82298	   239.31678	     9.10010	     5.73673	   175.32505	   239.31678	     8.17074	     5.01121	   174.57875	   239.31678	
    41.00000	     6.62881	   239.03880	   272.55522	     3.91895	   229.19040	   265.90753	     4.23984	     3.08493	   226.38873	   272.55522	     5.38439	     3.81097	   229.54494	   272.55522	     4.81960	     4.30882	   223.43118	   272.55522	
    37.00000	     9.84639	   195.67983	   245.96447	     4.58469	   197.87504	   239.31678	     7.76833	     3.68380	   183.00676	   245.96447	     8.46000	     4.31101	   183.94320	   245.96447	     8.29345	     5.63604	   176.51691	   245.96447	
    35.00000	     9.21172	   188.52011	   232.66909	     5.11844	   182.59841	   226.02140	     6.75920	     4.04292	   173.66394	   232.66909	     7.54459	     5.34019	   171.73247	   232.66909	     7.16695	     6.20393	   165.00686	   232.66909	
    36.00000	     9.61112	   191.16636	   239.31678	     5.64761	   179.91886	   232.66909	     7.15699	     5.30782	   168.58026	   239.31678	     8.98470	     7.35805	   165.55508	   239.31678	     8.16586	     6.71960	   166.77349	   239.31678	
    40.00000	     7.96392	   224.10545	   265.90753	     3.76915	   225.25431	   259.25985	     5.92734	     2.53393	   216.34550	   265.90753	     6.91221	     4.28427	   215.03996	   265.90753	     6.32677	     3.45350	   214.26310	   265.90753	
    59.00000	     6.81288	   340.71220	   392.21361	     4.99699	   304.85229	   385.56593	     4.33677	     4.74897	   297.26627	   392.21361	     5.19909	     5.36877	   306.79579	   392.21361	     5.55841	     6.60574	   293.92474	   392.21361	
    47.00000	     7.03641	   269.45276	   312.44135	     4.01391	   263.08582	   305.79367	     4.62461	     2.86558	   257.58025	   312.44135	     5.28538	     4.55679	   253.66035	   312.44135	     4.95613	     4.02037	   254.04109	   312.44135	
    24.00000	     8.96630	   130.13665	   159.54452	     6.68557	   113.65287	   152.89683	     6.45763	     6.43951	   110.48870	   159.54452	     8.06598	     9.05715	   107.09463	   159.54452	     7.86522	     9.07711	   109.00762	   159.54452	
    38.00000	     9.25554	   203.69437	   252.61216	     3.98049	   209.09855	   245.96447	     7.14972	     2.65853	   195.02981	   252.61216	     7.99544	     4.34992	   194.16521	   252.61216	     7.56423	     4.14906	   192.01864	   252.61216	
    27.00000	    11.96809	   132.96376	   179.48759	     4.49019	   144.45137	   172.83990	    10.47638	     3.15159	   126.93611	   179.48759	    11.33166	     5.08883	   126.32519	   179.48759	    10.95301	     4.73079	   123.96391	   179.48759	
    21.00000	     9.98500	   110.60024	   139.60146	     5.02565	   109.21667	   132.95377	     7.59714	     3.59129	   104.16384	   139.60146	     8.99865	     5.76426	   104.77375	   139.60146	     7.97312	     5.23219	   102.47457	   139.60146	
    48.00000	     7.05799	   275.30414	   319.08904	     4.17437	   266.75947	   312.44135	     4.66377	     3.19905	   260.10123	   319.08904	     5.19586	     5.74124	   249.96216	   319.08904	     5.12224	     3.95168	   259.70146	   319.08904	
    39.00000	     6.70575	   226.22414	   259.25985	     2.97964	   228.62126	   252.61216	     5.21491	     1.67136	   222.13101	   259.25985	     5.71014	     5.30132	   215.14661	   259.25985	     5.11937	     3.23213	   216.73755	   259.25985	
    40.00000	    10.35094	   207.08109	   265.90753	     4.38880	   216.99975	   259.25985	     8.49877	     3.23461	   196.42385	   265.90753	     9.08125	     6.98646	   181.94428	   265.90753	     8.91979	     5.52321	   186.03982	   265.90753	
    38.00000	     6.52271	   221.83108	   252.61216	     4.17102	   210.96687	   245.96447	     3.97511	     3.23791	   209.92686	   252.61216	     4.90534	     5.88291	   203.34627	   252.61216	     4.39757	     4.47960	   205.81374	   252.61216	
    29.00000	    11.86464	   143.22626	   192.78296	     5.44858	   148.20633	   186.13527	    10.13685	     4.51211	   131.58617	   192.78296	    10.90782	     4.86427	   133.73047	   192.78296	    10.65872	     5.33126	   130.81203	   192.78296	
    43.00000	    10.27524	   223.16561	   285.85060	     4.34667	   235.92857	   279.20291	     8.46345	     3.00526	   213.72073	   285.85060	     9.36834	     5.31309	   210.74205	   285.85060	     8.75353	     4.49689	   208.95566	   285.85060	
    30.00000	     8.18173	   167.05295	   199.43065	     6.21135	   146.66936	   192.78296	     5.15231	     5.58718	   145.04695	   199.43065	     6.14585	     7.21657	   148.96458	   199.43065	     5.98782	     6.95889	   145.04114	   199.43065	
    34.00000	     6.59052	   198.13574	   226.02140	     3.37800	   192.08248	   219.37372	     4.54257	     2.57696	   188.83918	   226.02140	     5.22504	     3.37884	   191.07918	   226.02140	     4.88583	     3.38655	   185.69976	   226.02140	
    30.00000	     8.51856	   164.93076	   199.43065	     3.58058	   169.13687	   192.78296	     6.76875	     2.00466	   161.16156	   199.43065	     7.98520	     2.58389	   162.85697	   199.43065	     7.02008	     2.37090	   160.74397	   199.43065	
    46.00000	     5.58516	   275.49084	   305.79367	     2.24144	   276.99077	   299.14598	     4.36054	     1.23623	   271.15989	   305.79367	     4.61451	     2.03323	   270.85377	   305.79367	     4.05046	     2.63280	   264.84227	   305.79367	
    42.00000	     8.00235	   234.40697	   279.20291	     4.30315	   229.61856	   272.55522	     5.44490	     3.32149	   221.66417	   279.20291	     6.47937	     4.05785	   223.01556	   279.20291	     6.16601	     4.14335	   221.29416	   279.20291	
    36.00000	     6.69008	   209.77051	   239.31678	     3.63286	   201.93381	   232.66909	     4.36904	     2.84730	   199.25096	   239.31678	     5.32518	     3.23840	   200.60960	   239.31678	     4.62822	     4.00437	   196.17993	   239.31678	
    26.00000	    12.38886	   125.95526	   172.83990	     5.66768	   128.78977	   166.19221	     9.79408	     4.81241	   114.72946	   172.83990	    11.17825	     7.31586	   110.45055	   172.83990	    10.71046	     7.57961	   107.64230	   172.83990	
    24.00000	     9.16863	   129.41907	   159.54452	     3.17346	   135.29849	   152.89683	     7.70031	     1.83249	   126.62757	   159.54452	     8.03997	     3.85663	   123.24711	   159.54452	     7.61616	     2.82177	   124.36098	   159.54452	
    34.00000	     9.06453	   183.73658	   226.02140	     4.48241	   182.20227	   219.37372	     6.70085	     3.33917	   173.19869	   226.02140	     7.77754	     6.51094	   167.00198	   226.02140	     7.13077	     5.00596	   169.39295	   226.02140	
    22.00000	    12.91221	   104.43803	   146.24914	     5.91840	   106.44289	   139.60146	    12.14660	     6.32324	    89.40246	   146.24914	    13.23333	     9.49319	    88.95824	   146.24914	    12.50934	     7.77173	    88.83961	   146.24914	
    39.00000	     7.62336	   219.35026	   259.25985	     3.96980	   209.32353	   252.61216	     5.21145	     3.50965	   201.59262	   259.25985	     6.64459	     4.53562	   201.61752	   259.25985	     5.86067	     4.94028	   199.57289	   259.25985	
    33.00000	     6.36062	   193.59382	   219.37372	     3.45874	   188.28976	   212.72603	     4.31760	     2.35946	   187.07889	   219.37372	     5.11736	     5.26843	   181.16451	   219.37372	     4.61777	     3.56442	   184.44688	   219.37372	
    43.00000	     9.01531	   233.06818	   285.85060	     5.42742	   219.19015	   279.20291	     6.68120	     5.09703	   206.08875	   285.85060	     8.21519	     7.14229	   205.76539	   285.85060	     7.50075	     6.26369	   205.92765	   285.85060	
    29.00000	    11.24352	   145.32425	   192.78296	     4.87503	   150.20424	   186.13527	     9.19114	     4.12640	   134.68538	   192.78296	    10.07723	     3.46542	   140.52872	   192.78296	     9.64129	     5.61481	   132.59500	   192.78296	
    38.00000	     8.28292	   210.33103	   252.61216	     4.73101	   204.00295	   245.96447	     5.99312	     3.69087	   195.71531	   252.61216	     7.13322	     5.62081	   196.99053	   252.61216	     6.28156	     5.40799	   191.22308	   252.61216	
    26.00000	     9.48659	   138.00490	   172.83990	     3.33110	   148.08559	   166.19221	     8.25820	     1.56535	   136.05669	   172.83990	     8.84937	     3.29443	   135.11522	   172.83990	     8.12652	     2.78721	   133.65427	   172.83990	
    41.00000	     8.02847	   228.44863	   272.55522	     4.46536	   221.80938	   265.90753	     5.42177	     3.47325	   214.26410	   272.55522	     6.40977	     4.46532	   214.99660	   272.55522	     6.03013	     5.06114	   208.68700	   272.55522	
    37.00000	     7.24000	   211.54925	   245.96447	     3.25487	   209.42762	   239.31678	     5.31246	     2.47189	   202.35918	   245.96447	     5.64350	     4.03558	   196.55935	   245.96447	     5.63110	     4.11650	   198.07166	   245.96447	
    29.00000	     9.76690	   153.34292	   192.78296	     4.39213	   157.52517	   186.13527	     7.85304	     3.09977	   146.62493	   192.78296	     8.79627	     4.75898	   145.45516	   192.78296	     8.47570	     3.30945	   147.88987	   192.78296	
    31.00000	     9.05121	   168.20348	   206.07834	     3.03748	   180.20135	   199.43065	     8.04244	     1.04673	   166.97204	   206.07834	     8.69386	     3.53009	   166.52911	   206.07834	     7.42962	     3.28355	   161.54665	   206.07834	
    33.00000	     7.99569	   184.28446	   219.37372	     3.48597	   186.51217	   212.72603	     6.09016	     2.27000	   178.87981	   219.37372	     6.92348	     3.05227	   179.23080	   219.37372	     6.13869	     3.73855	   174.82070	   219.37372	
    27.00000	     9.10807	   145.95131	   179.48759	     5.89161	   132.90368	   172.83990	     6.11460	     5.29698	   129.18266	   179.48759	     7.13410	     7.57687	   127.77192	   179.48759	     7.07755	     6.79796	   125.47167	   179.48759	
    26.00000	     8.10698	   144.88736	   172.83990	     3.44238	   147.07024	   166.19221	     6.53523	     1.86097	   141.49308	   172.83990	     7.29210	     5.80148	   139.30772	   172.83990	     6.74769	     2.86411	   141.10557	   172.83990	
    21.00000	     9.92390	   111.16412	   139.60146	     5.76367	   105.85812	   132.95377	     7.15707	     4.56098	   102.44559	   139.60146	     8.19819	     5.80740	   102.22806	   139.60146	     7.80333	     6.91951	    99.38554	   139.60146	
    57.00000	     4.84654	   348.23708	   378.91824	     2.51627	   338.59224	   372.27055	     3.13617	     1.91772	   336.27169	   378.91824	     3.60355	     3.98448	   327.21529	   378.91824	     3.06324	     3.83234	   316.60073	   378.91824	
    48.00000	     7.63495	   270.76777	   319.08904	     3.84449	   269.87432	   312.44135	     5.45865	     2.70320	   259.87717	   319.08904	     6.44869	     3.31544	   261.61681	   319.08904	     5.74438	     4.01515	   256.03541	   319.08904	
    38.00000	    10.21904	   198.44774	   252.61216	     4.77680	   201.40366	   245.96447	     8.16793	     3.65160	   185.54971	   252.61216	     9.01290	     4.70351	   186.69195	   252.61216	     8.64237	     4.70679	   182.93896	   252.61216	
    26.00000	    10.45358	   134.39975	   172.83990	     3.59273	   146.35960	   166.19221	     9.20130	     1.66034	   132.50974	   172.83990	    10.06597	     3.77667	   132.98508	   172.83990	     9.25905	     2.92889	   130.99152	   172.83990	
    37.00000	     9.51263	   196.58723	   245.96447	     4.82262	   195.49182	   239.31678	     7.28355	     3.96648	   182.43749	   245.96447	     9.16048	     6.54068	   180.51629	   245.96447	     7.96882	     5.39240	   176.85997	   245.96447	
    37.00000	    10.28277	   191.75091	   245.96447	     4.36012	   200.41715	   239.31678	     8.18454	     3.09612	   182.85999	   245.96447	     8.93410	     7.03597	   171.96982	   245.96447	     8.63585	     5.58048	   173.63774	   245.96447	
    39.00000	     6.31969	   229.27217	   259.25985	     3.64982	   222.76678	   252.61216	     4.27956	     2.63649	   220.25781	   259.25985	     5.06072	     2.76266	   223.32598	   259.25985	     4.38463	     4.61723	   213.06080	   259.25985	
    40.00000	     8.13457	   222.81398	   265.90753	     5.15649	   208.72922	   259.25985	     5.23339	     4.22592	   203.53545	   265.90753	     6.57491	     4.85889	   208.06326	   265.90753	     5.79654	     6.89068	   195.63509	   265.90753	
    35.00000	     8.40173	   193.36528	   232.66909	     3.66565	   196.69469	   226.02140	     6.49315	     2.35541	   187.19813	   232.66909	     7.81494	     1.92226	   191.29858	   232.66909	     6.55133	     3.95575	   181.73243	   232.66909	
    37.00000	     9.21525	   198.75089	   245.96447	     4.49577	   197.65849	   239.31678	     6.98830	     3.57718	   185.98929	   245.96447	     8.24412	     5.76730	   183.60491	   245.96447	     7.34170	     6.58107	   174.10333	   245.96447	
    50.00000	     7.79485	   280.98044	   332.38442	     4.44298	   271.50984	   325.73673	     5.46980	     3.77731	   260.66130	   332.38442	     6.47208	     5.11792	   259.69161	   332.38442	     6.24875	     5.28508	   256.05035	   332.38442	
    34.00000	     7.61592	   192.08822	   226.02140	     3.85381	   190.84241	   219.37372	     5.64963	     2.57130	   185.11554	   226.02140	     6.62351	     4.37232	   184.94264	   226.02140	     6.15310	     2.86194	   186.23882	   226.02140	
    23.00000	     9.52122	   122.90063	   152.89683	     3.58419	   129.10623	   146.24914	     8.14991	     1.85879	   120.69361	   152.89683	     9.16627	     3.55909	   121.58498	   152.89683	     8.11341	     3.40007	   118.09734	   152.89683	
    23.00000	    11.16245	   116.35640	   152.89683	     4.82033	   122.69965	   146.24914	     9.54260	     3.12010	   111.77552	   152.89683	    10.25407	     6.84514	   107.75725	   152.89683	     9.92459	     5.56085	   107.16915	   152.89683	
    44.00000	     9.50026	   235.18555	   292.49829	     5.14790	   228.11896	   285.85060	     6.85084	     4.36597	   214.18633	   292.49829	     8.52338	     7.93540	   212.59125	   292.49829	     7.51697	     5.91596	   211.05187	   292.49829	
    36.00000	     9.93011	   189.28944	   239.31678	     3.54013	   203.30938	   232.66909	     8.40154	     2.02651	   185.05865	   239.31678	     8.56150	     3.77043	   181.23233	   239.31678	     8.51000	     3.18867	   181.77594	   239.31678	
    38.00000	    10.37949	   196.60806	   252.61216	     5.02173	   197.23757	   245.96447	     7.90378	     4.08862	   181.67593	   252.61216	     9.05966	     5.68019	   181.24012	   252.61216	     8.75996	     5.64461	   177.65011	   252.61216	
    41.00000	     6.86614	   237.02016	   272.55522	     5.07471	   212.02380	   265.90753	     4.13998	     4.67477	   209.95715	   272.55522	     5.32345	     5.52297	   212.23541	   272.55522	     5.02550	     6.03200	   208.04951	   272.55522	
    28.00000	     8.21745	   155.03548	   186.13527	     3.99328	   155.69003	   179.48759	     6.34834	     2.56767	   149.78384	   186.13527	     7.16294	     3.16900	   150.32170	   186.13527	     6.14055	     4.64668	   142.72640	   186.13527	
    50.00000	     8.13570	   278.69386	   332.38442	     4.12105	   278.43864	   325.73673	     5.91269	     3.00641	   266.04937	   332.38442	     6.78895	     4.61893	   262.51003	   332.38442	     6.30059	     5.06469	   255.56591	   332.38442	
    30.00000	     8.64614	   164.58629	   199.43065	     4.57401	   161.11726	   192.78296	     6.25556	     3.62821	   154.95224	   199.43065	     7.67508	     5.71193	   154.31627	   199.43065	     6.70778	     5.39646	   150.99118	   199.43065	
    35.00000	     7.19648	   200.06999	   232.66909	     3.26058	   201.20740	   226.02140	     5.49449	     1.97069	   194.92603	   232.66909	     5.72250	     3.66545	   190.87548	   232.66909	     5.63489	     3.46965	   191.21392	   232.66909	
    40.00000	     8.74502	   218.55981	   265.90753	     4.54115	   215.70186	   259.25985	     6.46920	     3.70826	   203.85246	   265.90753	     7.40436	     4.37924	   206.05192	   265.90753	     7.20139	     4.87161	   202.51199	   265.90753	
    22.00000	    11.99796	   108.24201	   146.24914	     5.77680	   108.28548	   139.60146	    10.20986	     4.83856	    97.68714	   146.24914	    10.86180	     6.50940	    97.40455	   146.24914	    10.93167	     6.83788	    95.99115	   146.24914	
    26.00000	     7.34454	   148.91881	   172.83990	     2.87497	   149.57867	   166.19221	     5.88574	     1.88501	   145.02095	   172.83990	     6.85791	     2.01335	   146.96938	   172.83990	     5.98828	     3.14472	   142.49162	   172.83990	
    23.00000	    12.11122	   112.29914	   152.89683	     6.02598	   107.79848	   146.24914	     9.40176	     5.32485	    97.68483	   152.89683	    10.48177	     6.98252	    99.24209	   152.89683	    10.10530	     6.51698	    96.22806	   152.89683	
    30.00000	     8.96945	   163.03335	   199.43065	     4.33007	   162.57886	   192.78296	     6.68944	     3.17227	   155.15224	   199.43065	     7.63544	     5.47884	   151.65845	   199.43065	     7.29982	     5.03623	   150.98101	   199.43065	
    56.00000	     7.86300	   313.75253	   372.27055	     4.88570	   296.92408	   365.62286	     5.47017	     4.30448	   284.52483	   372.27055	     6.53072	     5.60205	   283.52568	   372.27055	     6.13180	     6.18753	   274.37119	   372.27055	
    34.00000	     7.86987	   190.53190	   226.02140	     4.33661	   183.27815	   219.37372	     5.47570	     3.67101	   177.40055	   226.02140	     6.61289	     5.19297	   173.05445	   226.02140	     6.01872	     4.82889	   174.90423	   226.02140	
    43.00000	     5.09224	   260.98069	   285.85060	     2.19831	   261.06824	   279.20291	     3.93112	     1.13857	   258.12121	   285.85060	     3.94013	     3.36671	   251.73469	   285.85060	     4.07769	     1.51937	   257.59443	   285.85060	
    52.00000	     6.44556	   304.07218	   345.67980	     3.64492	   295.84473	   339.03211	     4.18105	     2.76431	   290.31172	   345.67980	     4.95891	     3.98283	   288.43513	   345.67980	     4.41574	     4.41021	   282.17075	   345.67980	
    22.00000	    14.54862	    99.62665	   146.24914	     5.00735	   109.90566	   139.60146	    13.06068	     4.37228	    90.43231	   146.24914	    13.81646	     5.44716	    92.22067	   146.24914	    13.55784	     6.00866	    85.74698	   146.24914	
    49.00000	     4.88771	   298.75195	   325.73673	     2.69995	   291.41114	   319.08904	     3.07402	     1.88964	   291.02840	   325.73673	     3.51753	     2.28537	   291.30306	   325.73673	     3.05996	     2.84805	   286.47625	   325.73673	
    52.00000	     8.47344	   285.89329	   345.67980	     4.77277	   277.46285	   339.03211	     6.02016	     3.94934	   263.84112	   345.67980	     7.02053	     4.66434	   266.80864	   345.67980	     6.80304	     5.80846	   256.67286	   345.67980	
    30.00000	     9.31656	   161.74726	   199.43065	     6.04874	   149.60814	   192.78296	     6.15011	     5.19648	   145.43460	   199.43065	     7.72989	     6.58982	   147.90482	   199.43065	     7.04462	     7.26042	   140.90718	   199.43065	
    14.00000	    15.73407	    60.87664	    93.06764	     5.25538	    69.34564	    86.41995	    14.71329	     3.51879	    57.96751	    93.06764	    15.35237	    13.06593	    54.55513	    93.06764	    14.69202	     4.83839	    57.22026	    93.06764	
    50.00000	     6.51241	   291.90873	   332.38442	     3.98716	   276.55449	   325.73673	     3.93763	     3.22435	   272.62945	   332.38442	     5.13962	     4.77373	   275.85078	   332.38442	     4.57851	     4.18616	   268.20023	   332.38442	
    38.00000	     8.89448	   206.41231	   252.61216	     5.74712	   193.18308	   245.96447	     6.15018	     4.98654	   184.97519	   252.61216	     7.52530	     5.71996	   191.12127	   252.61216	     6.64018	     7.25075	   181.68072	   252.61216	
    41.00000	     8.69143	   223.47113	   272.55522	     4.54028	   222.37617	   265.90753	     6.15498	     3.22925	   212.37327	   272.55522	     6.95020	     4.38112	   211.68309	   272.55522	     6.62513	     4.48211	   208.20096	   272.55522	
    43.00000	     5.39897	   259.41876	   285.85060	     2.97044	   250.16874	   279.20291	     3.49178	     2.36025	   249.03053	   285.85060	     4.51258	     3.77376	   245.96945	   285.85060	     3.72190	     3.56577	   241.71339	   285.85060	
    43.00000	     8.04083	   239.89126	   285.85060	     5.16652	   216.81332	   279.20291	     5.46604	     4.76708	   209.20360	   285.85060	     7.07731	     6.48073	   211.66403	   285.85060	     6.44442	     6.61217	   208.85149	   285.85060	
    38.00000	     9.62128	   201.85605	   252.61216	     4.95874	   200.49233	   245.96447	     7.27969	     4.16917	   187.38563	   252.61216	     8.57474	     7.06585	   183.96777	   252.61216	     7.97607	     6.30894	   181.02605	   252.61216	
    17.00000	    11.56834	    84.88418	   113.01070	     3.22189	    94.75711	   106.36301	    10.67371	     1.22609	    84.18064	   113.01070	    11.18091	     1.44851	    84.49435	   113.01070	    10.67199	     2.20114	    83.47103	   113.01070	
    37.00000	     6.35955	   217.53328	   245.96447	     2.36494	   220.94823	   239.31678	     5.15826	     1.33881	   214.37141	   245.96447	     5.19402	     2.59840	   211.24361	   245.96447	     4.95460	     3.18335	   205.14143	   245.96447	
    40.00000	     6.98469	   230.32372	   265.90753	     4.05301	   219.78379	   259.25985	     4.50162	     3.34579	   215.92980	   265.90753	     5.59026	     6.22431	   213.10589	   265.90753	     4.94329	     4.34749	   214.82361	   265.90753	
    44.00000	     9.41562	   234.53402	   292.49829	     5.41091	   224.92246	   285.85060	     6.80740	     4.74446	   211.61150	   292.49829	     8.15676	     6.50885	   212.16851	   292.49829	     7.69164	     6.82213	   202.16023	   292.49829	
    30.00000	     9.45787	   160.07890	   199.43065	     5.33159	   153.95910	   192.78296	     6.61662	     4.13840	   147.86726	   199.43065	     7.89170	     6.42269	   148.37860	   199.43065	     7.34217	     5.61172	   147.26219	   199.43065	
    24.00000	    12.11334	   117.38664	   159.54452	     4.57232	   124.87022	   152.89683	    10.36720	     3.88090	   109.67768	   159.54452	    11.86672	     6.27663	   107.47911	   159.54452	    10.85479	     5.31596	   108.45959	   159.54452	
    24.00000	    11.36275	   120.19908	   159.54452	     4.38468	   129.32995	   152.89683	     9.82237	     2.97777	   115.66305	   159.54452	    11.10373	     6.52577	   111.51564	   159.54452	    10.30486	     5.92561	   109.99204	   159.54452	
    39.00000	     7.93752	   218.05302	   259.25985	     4.58819	   209.12874	   252.61216	     5.19144	     3.75138	   203.51745	   259.25985	     6.67068	     5.76447	   202.01079	   259.25985	     6.10816	     5.22910	   200.92536	   259.25985	
    43.00000	     6.70747	   249.66750	   285.85060	     5.56261	   213.88513	   279.20291	     3.68960	     5.26435	   212.86529	   285.85060	     4.92399	     7.33800	   204.93509	   285.85060	     4.68920	     6.81968	   211.87028	   285.85060	
    34.00000	    10.42804	   176.27965	   226.02140	     4.81713	   177.64216	   219.37372	     7.86388	     3.70889	   164.50892	   226.02140	     8.82996	     5.68686	   159.88154	   226.02140	     8.61532	     5.63658	   161.14983	   226.02140	
    39.00000	    11.23837	   199.01027	   259.25985	     5.92239	   194.94564	   252.61216	     8.21765	     4.69890	   180.44399	   259.25985	     9.69270	     5.41060	   186.93647	   259.25985	     9.21525	     4.81448	   184.78518	   259.25985	
    36.00000	    10.22265	   186.53642	   239.31678	     4.68211	   192.23738	   232.66909	     8.09783	     3.63512	   175.56633	   239.31678	     9.42850	     5.70855	   173.11228	   239.31678	     8.66128	     4.49561	   174.38487	   239.31678	
    28.00000	    10.92699	   142.24755	   186.13527	     5.34074	   143.90209	   179.48759	     8.49569	     3.64816	   133.62422	   186.13527	     9.45636	     5.03628	   133.96566	   186.13527	     9.26968	     4.53780	   134.58927	   186.13527	
    38.00000	     9.29549	   203.95356	   252.61216	     4.66296	   204.10793	   245.96447	     7.04779	     3.61816	   191.94690	   252.61216	     8.22371	     5.22003	   191.67843	   252.61216	     7.46031	     4.83352	   188.69077	   252.61216	
    36.00000	    11.38036	   180.11562	   239.31678	     5.35176	   181.52296	   232.66909	     9.14891	     4.70406	   162.41953	   239.31678	    10.19803	     6.08099	   163.37088	   239.31678	     9.95487	     5.79290	   160.76900	   239.31678	
    41.00000	     9.25012	   220.84247	   272.55522	     4.00173	   228.49196	   265.90753	     7.48485	     2.58821	   212.95964	   272.55522	     8.23729	     4.30661	   212.24726	   272.55522	     7.85422	     4.46526	   209.02011	   272.55522	
    35.00000	     9.01144	   189.45159	   232.66909	     5.24871	   181.56385	   226.02140	     6.09773	     4.10056	   174.81575	   232.66909	     7.22161	     5.05116	   175.05003	   232.66909	     6.89203	     5.63812	   171.03509	   232.66909	
    37.00000	     7.17724	   211.71153	   245.96447	     4.25868	   195.03264	   239.31678	     4.61102	     3.65348	   190.48208	   245.96447	     5.44329	     4.11716	   191.68591	   245.96447	     4.85925	     4.64127	   190.91321	   245.96447	
    41.00000	     7.03846	   236.36896	   272.55522	     2.64605	   244.33168	   265.90753	     5.91193	     1.25093	   233.71431	   272.55522	     6.15995	     4.20955	   224.02621	   272.55522	     6.03822	     1.61249	   233.22995	   272.55522	
    33.00000	     7.95039	   185.00710	   219.37372	     4.38580	   181.37183	   212.72603	     5.61673	     3.12651	   176.51516	   219.37372	     6.70841	     5.37570	   175.89902	   219.37372	     5.93113	     4.15897	   174.77805	   219.37372	
    42.00000	     7.67821	   236.37293	   279.20291	     4.10480	   228.95933	   272.55522	     5.35219	     3.37914	   221.08344	   279.20291	     6.17944	     5.48488	   217.50543	   279.20291	     5.73462	     5.29709	   213.71376	   279.20291	
    39.00000	     9.70466	   206.83589	   259.25985	     4.32183	   214.72016	   252.61216	     8.00947	     3.02266	   197.51648	   259.25985	     8.80878	     5.07037	   195.86220	   259.25985	     8.36147	     4.60765	   193.38160	   259.25985	
    34.00000	     7.45572	   193.34560	   226.02140	     3.71278	   190.39745	   219.37372	     5.29492	     2.58916	   185.93620	   226.02140	     6.24841	     3.46913	   185.87564	   226.02140	     5.24894	     4.28487	   179.56202	   226.02140	
    42.00000	     7.52012	   238.28612	   279.20291	     4.24003	   231.30427	   272.55522	     5.18475	     3.37916	   224.46410	   279.20291	     6.17260	     4.83323	   222.91771	   279.20291	     5.57291	     5.25871	   216.40841	   279.20291	
    28.00000	    12.17157	   136.68827	   186.13527	     4.10189	   152.72389	   179.48759	    10.59429	     2.18503	   133.35650	   186.13527	    10.95542	     5.03728	   128.22893	   186.13527	    10.74892	     3.06402	   132.21743	   186.13527	
    44.00000	     8.81603	   240.26140	   292.49829	     4.57459	   240.26954	   285.85060	     6.64331	     3.36413	   227.13939	   292.49829	     7.71059	     7.09011	   218.91067	   292.49829	     7.01692	     5.44325	   218.98989	   292.49829	
    46.00000	     6.39585	   268.92709	   305.79367	     3.30905	   265.31018	   299.14598	     4.37475	     2.27870	   260.24058	   305.79367	     5.00875	     2.62413	   261.21851	   305.79367	     4.68280	     3.10330	   258.31436	   305.79367	
    38.00000	     7.75133	   214.52137	   252.61216	     3.72426	   213.14204	   245.96447	     5.83815	     2.78738	   204.85074	   252.61216	     6.93954	     6.49314	   189.36377	   252.61216	     6.12553	     4.03561	   199.19664	   252.61216	
    25.00000	     8.98274	   135.36398	   166.19221	     5.33094	   128.74743	   159.54452	     6.19516	     4.18552	   125.57302	   166.19221	     7.93137	     5.51371	   127.68029	   166.19221	     6.78139	     5.30630	   124.35510	   166.19221	
    33.00000	     9.94328	   172.52269	   219.37372	     4.77133	   175.46145	   212.72603	     7.63323	     3.25908	   163.91102	   219.37372	     8.73141	     4.80516	   165.81732	   219.37372	     8.02811	     4.82100	   159.41435	   219.37372	
    27.00000	     7.91025	   151.50018	   179.48759	     4.03981	   147.93557	   172.83990	     5.79853	     3.12942	   143.84999	   179.48759	     7.35545	     6.71312	   138.46998	   179.48759	     6.35401	     4.78135	   140.58903	   179.48759	
    39.00000	     4.67588	   239.31838	   259.25985	     2.34855	   233.67086	   252.61216	     3.12552	     1.53721	   234.42265	   259.25985	     3.29250	     2.32706	   231.78764	   259.25985	     2.97437	     3.36845	   227.78795	   259.25985	
    26.00000	    11.88827	   127.85756	   172.83990	     4.52090	   139.47735	   166.19221	    10.31051	     2.59803	   123.74138	   172.83990	    10.80338	     4.16596	   121.60955	   172.83990	    10.62520	     2.95787	   124.00158	   172.83990	
    37.00000	     5.58437	   222.05282	   245.96447	     3.64745	   210.70524	   239.31678	     3.45461	     2.97891	   210.63912	   245.96447	     4.67669	     5.63784	   206.62556	   245.96447	     3.92549	     3.63486	   210.38339	   245.96447	
    49.00000	     9.15350	   264.21736	   325.73673	     3.04093	   288.01045	   319.08904	     8.15604	     1.32471	   261.20986	   325.73673	     8.87815	     0.66390	   263.73609	   325.73673	     8.37490	     1.58757	   261.31933	   325.73673	
